{
 "cells": [
  {
   "cell_type": "code",
   "execution_count": 1,
   "metadata": {},
   "outputs": [],
   "source": [
    "import numpy as np\n",
    "import pandas as pd\n",
    "from sklearn.model_selection import train_test_split\n",
    "from sklearn.metrics import accuracy_score, classification_report, confusion_matrix\n",
    "from sklearn.preprocessing import StandardScaler\n",
    "from sklearn.linear_model import LogisticRegression"
   ]
  },
  {
   "cell_type": "code",
   "execution_count": 2,
   "metadata": {},
   "outputs": [],
   "source": [
    "def compute_pca(X, n_components=2):\n",
    "    \"\"\"\n",
    "    Input:\n",
    "        X: of dimension (m,n) where each row corresponds to a word vector\n",
    "        n_components: Number of components you want to keep.\n",
    "    Output:\n",
    "        X_reduced: Data transformed in n_components dimensions\n",
    "    \"\"\"\n",
    "\n",
    "    # StandardScaling\n",
    "    X_demeaned = StandardScaler(with_std=True).fit_transform(X)\n",
    "    print(\"Matrix X After Adjusting values to Standard scale:- \\n\",X_demeaned[:10])\n",
    "    \n",
    "    # calculating the covariance matrix\n",
    "    covariance_matrix = np.cov(X_demeaned, rowvar=False)\n",
    "    print(\"\\nCovariance matrix:-\\n\",covariance_matrix)\n",
    "    # getting eigenvectors & eigenvalues of the covariance matrix\n",
    "    eigen_vals, eigen_vecs = np.linalg.eigh(covariance_matrix)\n",
    "    print(f\"\\nEigenvalues\\n{eigen_vals}\\n\\nEigenvectors\\n{eigen_vecs}\\n\")\n",
    "    # sort eigenvalue in increasing order (getting the indices from the sort)\n",
    "    idx_sorted = np.argsort(eigen_vals)\n",
    "    \n",
    "    #Decreasing order\n",
    "    decreasing_index = idx_sorted[::-1]\n",
    "\n",
    "    # sort eigenvectors using the idx_sorted_decreasing indices\n",
    "    eigen_vecs_sorted = eigen_vecs[:,decreasing_index]\n",
    "\n",
    "    # n_components is desired dimension\n",
    "    # of rescaled data array, or eigen_vecs_sorted\n",
    "    eigen_vecs_subset = eigen_vecs_sorted[:,:n_components]\n",
    "\n",
    "    # transform the data by multiplying the transpose of the eigenvectors \n",
    "    # with the transpose of the de-meaned data\n",
    "    # Then take the transpose of that product.\n",
    "    X_reduced = np.dot(eigen_vecs_subset.transpose(),X_demeaned.transpose()).transpose()\n",
    "    return X_reduced"
   ]
  },
  {
   "cell_type": "code",
   "execution_count": 4,
   "metadata": {},
   "outputs": [],
   "source": [
    "dataset = pd.read_csv('Wine.csv')\n",
    "X = dataset.iloc[:, :-1].values\n",
    "y = dataset.iloc[:, -1].values"
   ]
  },
  {
   "cell_type": "code",
   "execution_count": 5,
   "metadata": {},
   "outputs": [
    {
     "name": "stdout",
     "output_type": "stream",
     "text": [
      "Matrix X After Adjusting values to Standard scale:- \n",
      " [[-1.21394365  1.51861254 -0.5622498   0.23205254 -1.16959318  1.91390522\n",
      "   0.80899739  1.03481896 -0.65956311  1.22488398  0.25171685  0.36217728\n",
      "   1.84791957]\n",
      " [-1.21394365  0.24628963 -0.49941338 -0.82799632 -2.49084714  0.01814502\n",
      "   0.56864766  0.73362894 -0.82071924 -0.54472099 -0.29332133  0.40605066\n",
      "   1.1134493 ]\n",
      " [-1.21394365  0.19687903  0.02123125  1.10933436 -0.2687382   0.08835836\n",
      "   0.80899739  1.21553297 -0.49840699  2.13596773  0.26901965  0.31830389\n",
      "   0.78858745]\n",
      " [-1.21394365  1.69154964 -0.34681064  0.4879264  -0.80925118  0.93091845\n",
      "   2.49144552  1.46652465 -0.98187536  1.03215473  1.18606801 -0.42754369\n",
      "   1.18407144]\n",
      " [-1.21394365  0.29570023  0.22769377  1.84040254  0.45194578  1.28198515\n",
      "   0.80899739  0.66335127  0.22679555  0.40140444 -0.31927553  0.36217728\n",
      "   0.44960118]\n",
      " [-1.21394365  1.48155459 -0.51736664  0.30515936 -1.28970717  0.86070511\n",
      "   1.56209322  1.36612798 -0.17609475  0.66421706  0.73186953  0.40605066\n",
      "   0.33660575]\n",
      " [-1.21394365  1.71625494 -0.4186237   0.30515936 -1.46987817 -0.26270834\n",
      "   0.32829793  0.49267693 -0.49840699  0.6817379   0.08301456  0.2744305\n",
      "   1.36768901]\n",
      " [-1.21394365  1.3086175  -0.16727801  0.89001391 -0.56902319  1.49262517\n",
      "   0.48853108  0.48263726 -0.41782893 -0.59728351 -0.00349944  0.44992405\n",
      "   1.36768901]\n",
      " [-1.21394365  2.25977152 -0.62508622 -0.7183361  -1.65004916 -0.192495\n",
      "   0.80899739  0.95450162 -0.57898505  0.6817379   0.06138606  0.53767082\n",
      "   0.33660575]\n",
      " [-1.21394365  1.0615645  -0.88540853 -0.352802   -1.04947918 -0.12228166\n",
      "   1.09741707  1.12517596 -1.14303148  0.45396697  0.93517742  0.23055711\n",
      "   1.32531572]]\n",
      "\n",
      "Covariance matrix:-\n",
      " [[ 1.00564972 -0.3300763   0.44024952 -0.04992369  0.52078487 -0.21036119\n",
      "  -0.72322641 -0.85228566  0.49187249 -0.50194977  0.26716852 -0.62085717\n",
      "  -0.79268286]\n",
      " [-0.3300763   1.00564972  0.09493026  0.21273976 -0.31198788  0.27232816\n",
      "   0.29073446  0.23815287 -0.15681042  0.13747022  0.549451   -0.07215255\n",
      "   0.07275191]\n",
      " [ 0.44024952  0.09493026  1.00564972  0.16497228  0.29013035 -0.05488343\n",
      "  -0.3370606  -0.41332866  0.29463237 -0.22199334  0.25039204 -0.56446685\n",
      "  -0.37079354]\n",
      " [-0.04992369  0.21273976  0.16497228  1.00564972  0.44587209  0.28820583\n",
      "   0.12970824  0.11572743  0.1872826   0.00970647  0.2603499  -0.07508874\n",
      "   0.00393333]\n",
      " [ 0.52078487 -0.31198788  0.29013035  0.44587209  1.00564972 -0.0838039\n",
      "  -0.32292752 -0.353355    0.36396647 -0.19844168  0.01883781 -0.27550299\n",
      "  -0.27833221]\n",
      " [-0.21036119  0.27232816 -0.05488343  0.28820583 -0.0838039   1.00564972\n",
      "   0.21561254  0.19688989 -0.25774204  0.23777643  0.20107967  0.05571118\n",
      "   0.06637684]\n",
      " [-0.72322641  0.29073446 -0.3370606   0.12970824 -0.32292752  0.21561254\n",
      "   1.00564972  0.86944804 -0.45247731  0.61587304 -0.05544792  0.43613151\n",
      "   0.70390388]\n",
      " [-0.85228566  0.23815287 -0.41332866  0.11572743 -0.353355    0.19688989\n",
      "   0.86944804  1.00564972 -0.54093859  0.65637929 -0.17335329  0.54654907\n",
      "   0.79164133]\n",
      " [ 0.49187249 -0.15681042  0.29463237  0.1872826   0.36396647 -0.25774204\n",
      "  -0.45247731 -0.54093859  1.00564972 -0.36791202  0.13984265 -0.26412347\n",
      "  -0.50611293]\n",
      " [-0.50194977  0.13747022 -0.22199334  0.00970647 -0.19844168  0.23777643\n",
      "   0.61587304  0.65637929 -0.36791202  1.00564972 -0.02539259  0.29721399\n",
      "   0.52199968]\n",
      " [ 0.26716852  0.549451    0.25039204  0.2603499   0.01883781  0.20107967\n",
      "  -0.05544792 -0.17335329  0.13984265 -0.02539259  1.00564972 -0.52476129\n",
      "  -0.43123763]\n",
      " [-0.62085717 -0.07215255 -0.56446685 -0.07508874 -0.27550299  0.05571118\n",
      "   0.43613151  0.54654907 -0.26412347  0.29721399 -0.52476129  1.00564972\n",
      "   0.56866303]\n",
      " [-0.79268286  0.07275191 -0.37079354  0.00393333 -0.27833221  0.06637684\n",
      "   0.70390388  0.79164133 -0.50611293  0.52199968 -0.43123763  0.56866303\n",
      "   1.00564972]]\n",
      "\n",
      "Eigenvalues\n",
      "[0.06974017 0.13626767 0.17052069 0.2609196  0.26523921 0.35046681\n",
      " 0.55544776 0.67313409 0.85344884 0.8933034  1.42766455 2.19248152\n",
      " 5.22481203]\n",
      "\n",
      "Eigenvectors\n",
      "[[-0.59091266 -0.55339048 -0.02580389  0.03362564  0.2743453   0.07685082\n",
      "   0.07268782  0.2193226   0.21190105 -0.03080887 -0.00708557 -0.04279021\n",
      "  -0.40061817]\n",
      " [-0.15250658 -0.13036619 -0.30687102  0.28987116 -0.14143787  0.49408424\n",
      "   0.05575462 -0.19011851 -0.35319835  0.08073149  0.27225172  0.51253006\n",
      "   0.10049402]\n",
      " [ 0.02748997  0.07696492  0.13095335 -0.15812463  0.2838093   0.08327859\n",
      "  -0.37138698 -0.56131196  0.2836428   0.46836582 -0.0525294   0.22282037\n",
      "  -0.24178099]\n",
      " [-0.02375467 -0.25116393 -0.09172891 -0.49416196 -0.18834719 -0.17797065\n",
      "   0.15318175 -0.13462324 -0.25299635 -0.09305826 -0.60356874  0.37109424\n",
      "  -0.01824048]\n",
      " [ 0.13530607  0.28912012 -0.00639521  0.41308074  0.08374082  0.3967539\n",
      "   0.29090643  0.11474319  0.16220375  0.04684966 -0.62228794  0.00643925\n",
      "  -0.22230116]\n",
      " [-0.05247172  0.03360681  0.05775284  0.25659682  0.03613551 -0.11357118\n",
      "  -0.34407535 -0.14899953  0.34244069 -0.71482675 -0.08118254  0.35465097\n",
      "   0.107407  ]\n",
      " [ 0.30538449 -0.29242576 -0.29917513  0.25711721  0.56646518 -0.32795343\n",
      "   0.03097741  0.13986625 -0.00394357  0.21277863 -0.10309242  0.15931972\n",
      "   0.36790342]\n",
      " [-0.68737835  0.50622784 -0.04305743 -0.04407701  0.14760071 -0.16084657\n",
      "   0.0623928   0.05586827 -0.00167032  0.16411119 -0.11807532  0.08944404\n",
      "   0.40484397]\n",
      " [-0.08751408  0.05674981  0.04804685  0.3009167  -0.07793228 -0.20781272\n",
      "  -0.62138012  0.23836553 -0.51709496  0.11999321 -0.20938693 -0.02755593\n",
      "  -0.27871608]\n",
      " [ 0.06535766 -0.11168144 -0.1082338  -0.2247837  -0.29618796  0.31443035\n",
      "  -0.39521056  0.5102875   0.39378634  0.22802649 -0.09808821  0.13157848\n",
      "   0.28954608]\n",
      " [ 0.12243099  0.12417155  0.60360476 -0.10143941  0.19775213 -0.02665146\n",
      "   0.1797745   0.40003621 -0.09536852  0.03234492  0.20847476  0.54018719\n",
      "  -0.13188669]\n",
      " [ 0.00409895 -0.08169007  0.24529098 -0.24712216  0.46234674  0.51122924\n",
      "  -0.20511952 -0.04036481 -0.33051172 -0.25368334 -0.13437424 -0.26630188\n",
      "   0.30113679]\n",
      " [-0.11179358 -0.37877734  0.58850314  0.3587158  -0.30174387 -0.05924944\n",
      "   0.07517036 -0.21362952  0.03881264  0.21755821 -0.15933979 -0.09016199\n",
      "   0.37525003]]\n",
      "\n",
      "Matrix X After number of features reduced to 2:-\n",
      " [[ 3.26057965e+00  1.73605368e+00]\n",
      " [ 2.35861968e+00 -5.09786078e-01]\n",
      " [ 2.45337567e+00  1.12070389e+00]\n",
      " [ 3.25314826e+00  2.68641563e+00]\n",
      " [ 1.40373438e+00  1.32009994e+00]\n",
      " [ 2.65512183e+00  1.82637321e+00]\n",
      " [ 2.29445488e+00  8.97163397e-01]\n",
      " [ 1.89667452e+00  1.35025982e+00]\n",
      " [ 2.54674258e+00  9.04948179e-01]\n",
      " [ 2.78639187e+00  9.08683615e-01]\n",
      " [ 3.07749329e+00  9.95800043e-01]\n",
      " [ 1.67788269e+00  1.44036671e-01]\n",
      " [ 1.98590276e+00  2.64713679e-01]\n",
      " [ 3.35259001e+00  1.18028765e+00]\n",
      " [ 3.76517649e+00  1.86251908e+00]\n",
      " [ 2.10015090e+00  1.41544838e+00]\n",
      " [ 1.95029758e+00  2.22979921e+00]\n",
      " [ 1.86099316e+00  1.62409458e+00]\n",
      " [ 2.90877757e+00  2.01404418e+00]\n",
      " [ 2.30532968e+00  1.43176472e+00]\n",
      " [ 3.34283776e+00  1.38150053e+00]\n",
      " [ 1.49795635e+00  5.86247682e-01]\n",
      " [ 2.67807345e+00 -2.63052480e-02]\n",
      " [ 1.88362984e+00 -5.81759820e-01]\n",
      " [ 2.12072133e+00 -5.60650859e-02]\n",
      " [ 1.32325919e+00  1.37225107e+00]\n",
      " [ 1.77900682e+00  4.56377647e-01]\n",
      " [ 1.23662055e+00 -6.82954683e-01]\n",
      " [ 2.39321381e+00  9.99883098e-01]\n",
      " [ 2.37644356e+00  1.79015861e-01]\n",
      " [ 2.34116755e+00  1.18915801e+00]\n",
      " [ 2.29683268e+00  1.03379775e+00]\n",
      " [ 1.83671089e+00  3.29134963e-03]\n",
      " [ 1.79159773e+00  1.46051330e+00]\n",
      " [ 1.50310118e+00  5.69431955e-01]\n",
      " [ 2.14400182e+00  3.94958233e-01]\n",
      " [ 1.65124740e+00  7.84080963e-01]\n",
      " [ 1.26181711e+00 -1.60540863e-01]\n",
      " [ 1.74262211e+00 -1.02249503e+00]\n",
      " [ 2.73573340e+00  2.43189092e+00]\n",
      " [ 2.82729545e+00  1.29786570e+00]\n",
      " [ 8.93499336e-01 -4.94540384e-02]\n",
      " [ 3.03738749e+00  1.35080898e+00]\n",
      " [ 9.62729791e-01  6.20976849e-01]\n",
      " [ 2.36113779e+00  1.63083513e-01]\n",
      " [ 1.18660128e+00  1.72299515e+00]\n",
      " [ 2.73545502e+00  1.37395915e+00]\n",
      " [ 2.90539984e+00  8.75651178e-01]\n",
      " [ 2.04156599e+00  1.31495098e+00]\n",
      " [ 2.49844725e+00  1.64872232e+00]\n",
      " [ 3.16656920e+00  1.51696632e-01]\n",
      " [ 2.73192223e+00  6.27473721e-01]\n",
      " [ 3.32806911e+00  1.74903655e+00]\n",
      " [ 1.96313644e+00  1.56293452e+00]\n",
      " [ 2.18140211e+00  1.02772217e+00]\n",
      " [ 2.41658059e+00  1.48845582e+00]\n",
      " [ 2.78235916e+00  1.73728277e+00]\n",
      " [ 2.04884697e+00  1.01287281e+00]\n",
      " [ 2.89271543e+00  1.73144127e+00]\n",
      " [-5.43994784e-01 -3.55368070e+00]\n",
      " [-1.33652853e+00 -1.88646744e+00]\n",
      " [-1.49519418e+00 -1.01740018e+00]\n",
      " [ 1.69559046e-01 -1.40203588e+00]\n",
      " [ 2.29373908e+00 -1.21783737e+00]\n",
      " [-1.54635442e-01 -1.67657409e+00]\n",
      " [ 9.25153330e-01 -5.52052260e-01]\n",
      " [ 2.40191413e+00 -1.39977230e+00]\n",
      " [ 5.03967856e-01 -2.32817570e+00]\n",
      " [-7.87946583e-01 -5.70759311e-01]\n",
      " [ 1.91373289e+00 -1.17161632e+00]\n",
      " [-1.56047125e+00 -1.46403151e+00]\n",
      " [ 1.88718471e+00 -1.36917741e-01]\n",
      " [-4.18570787e-01 -8.96715056e-01]\n",
      " [ 2.19508889e+00  6.99659441e-01]\n",
      " [ 1.68114618e+00 -1.15139666e+00]\n",
      " [-4.40286746e-01 -2.48944855e+00]\n",
      " [ 7.24490719e-01 -1.96473324e+00]\n",
      " [-1.10826658e+00 -1.43769248e+00]\n",
      " [ 1.17565989e+00 -6.82135305e-01]\n",
      " [ 6.51075451e-01 -4.71589688e-01]\n",
      " [ 1.30331623e+00 -2.88745481e+00]\n",
      " [ 1.08198459e+00 -1.34571594e+00]\n",
      " [-2.11591275e-01 -2.42731973e+00]\n",
      " [-2.22598656e+00 -1.90754321e-01]\n",
      " [ 1.04267724e+00 -1.01857393e+00]\n",
      " [ 1.09389646e+00 -1.68371517e+00]\n",
      " [-4.24736784e-01 -2.17789251e+00]\n",
      " [-2.10054690e-01 -2.24836785e+00]\n",
      " [-8.76962128e-01 -1.97653402e+00]\n",
      " [-2.38857523e-01 -2.71873929e+00]\n",
      " [-9.30936052e-01 -2.18881952e+00]\n",
      " [-1.13089621e+00 -1.82809861e+00]\n",
      " [-1.53827499e+00 -1.72351997e+00]\n",
      " [ 1.21344475e+00 -1.66454737e+00]\n",
      " [ 1.34931934e+00 -1.62106557e+00]\n",
      " [ 2.18000320e+00  4.80084939e-01]\n",
      " [-4.33178920e-01 -2.09806601e-01]\n",
      " [ 1.37374166e+00 -2.21122091e+00]\n",
      " [ 2.26228685e+00 -9.81754269e-01]\n",
      " [ 1.74277276e+00 -1.51746195e+00]\n",
      " [ 9.14825949e-01 -2.45950535e+00]\n",
      " [-2.45838335e-01 -2.42492928e+00]\n",
      " [ 1.65026162e-01 -7.39148809e-01]\n",
      " [-2.01789245e-01 -2.55845202e+00]\n",
      " [ 5.61254064e-01 -2.08854381e+00]\n",
      " [-1.20995768e+00 -1.50137387e+00]\n",
      " [-2.47437787e-02 -2.09254041e+00]\n",
      " [-1.25118247e+00 -1.37281859e+00]\n",
      " [ 5.50977068e-01 -1.84433875e+00]\n",
      " [ 1.63633127e+00 -1.00220546e+00]\n",
      " [ 1.54530596e+00 -7.84820797e-01]\n",
      " [ 1.88527196e-01 -1.49011116e+00]\n",
      " [-1.06428996e+00 -8.02088187e-01]\n",
      " [-4.56274367e-02 -2.03073755e+00]\n",
      " [-4.61586306e-02 -1.57762191e+00]\n",
      " [ 9.91962382e-01 -3.53926352e+00]\n",
      " [ 1.39773780e-01 -2.70289508e+00]\n",
      " [ 3.27614881e-01 -1.46964523e+00]\n",
      " [-1.94185700e+00 -1.40767787e+00]\n",
      " [-2.29525707e-01 -2.18791125e+00]\n",
      " [ 8.84896404e-01 -1.04255636e+00]\n",
      " [ 1.47967335e+00  1.35052126e+00]\n",
      " [-7.51240224e-01 -1.09185325e-01]\n",
      " [-1.05460019e-01 -6.02919613e-02]\n",
      " [ 1.31318040e+00 -5.75820130e-01]\n",
      " [ 3.40279430e-01 -1.69063809e+00]\n",
      " [ 4.16644601e-01 -6.96677540e-01]\n",
      " [-1.19742056e+00 -9.32023367e-01]\n",
      " [-9.64918360e-03 -1.46465889e+00]\n",
      " [-1.47888560e+00 -1.20405322e+00]\n",
      " [-1.75847665e+00 -6.84402807e-02]\n",
      " [-2.67737770e+00  1.58671580e-01]\n",
      " [-3.21399526e+00 -4.87485177e-02]\n",
      " [-2.50692490e+00  1.49684391e-01]\n",
      " [-2.69474031e+00 -9.80382738e-01]\n",
      " [-3.44349310e+00 -2.89105412e-01]\n",
      " [-4.22232186e+00 -5.48837810e-01]\n",
      " [-4.10828891e+00  4.00882189e-01]\n",
      " [-3.36813705e+00 -1.30718170e-01]\n",
      " [-2.67914176e+00  1.00569298e-01]\n",
      " [-3.06524007e+00 -5.75573827e-02]\n",
      " [-2.76403205e+00 -2.16827371e-01]\n",
      " [-3.21057152e+00  2.42968783e-01]\n",
      " [-2.66072055e+00  2.73765542e-01]\n",
      " [-2.83346162e+00  5.92016496e-01]\n",
      " [-3.14365538e+00 -7.46562164e-02]\n",
      " [-4.38014212e+00  2.24331288e-01]\n",
      " [-3.92802173e+00  8.49732702e-01]\n",
      " [-3.25776116e+00  1.23611611e+00]\n",
      " [-3.31352686e+00  1.87742843e+00]\n",
      " [-2.75217149e+00  2.45298427e+00]\n",
      " [-2.94153100e+00  2.06615122e+00]\n",
      " [-2.14832270e+00  1.83006211e+00]\n",
      " [-3.28766111e+00  1.77263071e+00]\n",
      " [-3.11733622e+00 -6.31887185e-02]\n",
      " [-4.07190339e+00  1.28702353e+00]\n",
      " [-3.22824899e+00  1.81263286e+00]\n",
      " [-3.94852634e+00  6.72796130e-01]\n",
      " [-1.76460165e+00  3.75164620e+00]\n",
      " [-2.17906087e+00  2.46346026e+00]\n",
      " [-3.40151249e+00  5.08562046e-01]\n",
      " [-2.70181020e+00  8.05675393e-01]\n",
      " [-3.13332478e+00  2.79531020e-01]\n",
      " [-3.00808511e+00  2.46555497e-01]\n",
      " [-3.37200674e+00  1.16506159e+00]\n",
      " [-3.77238673e+00  5.22809505e-01]\n",
      " [-2.99645321e+00  2.37860864e+00]\n",
      " [-3.38651242e+00  7.71042098e-01]\n",
      " [-2.78202063e+00  1.82026194e+00]\n",
      " [-2.90083817e+00  2.59339180e+00]\n",
      " [-3.38905689e+00 -6.45779292e-01]\n",
      " [-3.89611596e+00  4.42566054e-01]\n",
      " [-2.99634384e+00  1.86631798e+00]\n",
      " [-3.88605383e+00  1.70748428e+00]\n",
      " [-3.14896983e+00  1.38625737e+00]\n",
      " [-3.38413439e+00  2.25528520e+00]\n",
      " [-3.07820438e+00  1.79110432e+00]\n",
      " [-3.63936086e+00  2.65865821e+00]]\n",
      "              precision    recall  f1-score   support\n",
      "\n",
      "         315       0.00      0.00      0.00       1.0\n",
      "         345       0.00      0.00      0.00       1.0\n",
      "         365       0.00      0.00      0.00       1.0\n",
      "         380       0.00      0.00      0.00       1.0\n",
      "         385       0.00      0.00      0.00       1.0\n",
      "         392       0.00      0.00      0.00       1.0\n",
      "         406       0.00      0.00      0.00       1.0\n",
      "         410       0.00      0.00      0.00       1.0\n",
      "         472       0.00      0.00      0.00       1.0\n",
      "         480       0.00      0.00      0.00       2.0\n",
      "         510       0.00      0.00      0.00       1.0\n",
      "         515       0.00      0.00      0.00       1.0\n",
      "         520       0.00      0.00      0.00       2.0\n",
      "         550       0.00      0.00      0.00       2.0\n",
      "         560       0.00      0.00      0.00       0.0\n",
      "         562       0.00      0.00      0.00       0.0\n",
      "         600       0.00      0.00      0.00       2.0\n",
      "         607       0.00      0.00      0.00       1.0\n",
      "         625       0.00      0.00      0.00       1.0\n",
      "         630       0.00      0.00      0.00       0.0\n",
      "         672       0.00      0.00      0.00       1.0\n",
      "         675       0.00      0.00      0.00       1.0\n",
      "         680       0.00      0.00      0.00       1.0\n",
      "         685       0.00      0.00      0.00       1.0\n",
      "         750       0.00      0.00      0.00       0.0\n",
      "         780       0.00      0.00      0.00       1.0\n",
      "         835       0.00      0.00      0.00       1.0\n",
      "         855       0.00      0.00      0.00       1.0\n",
      "         880       0.00      0.00      0.00       1.0\n",
      "         937       0.00      0.00      0.00       1.0\n",
      "        1035       0.00      0.00      0.00       0.0\n",
      "        1060       0.00      0.00      0.00       1.0\n",
      "        1065       0.00      0.00      0.00       0.0\n",
      "        1150       0.00      0.00      0.00       0.0\n",
      "        1185       0.00      0.00      0.00       1.0\n",
      "        1190       0.00      0.00      0.00       1.0\n",
      "        1285       0.00      0.00      0.00       0.0\n",
      "        1480       0.00      0.00      0.00       1.0\n",
      "        1510       0.00      0.00      0.00       1.0\n",
      "        1515       0.00      0.00      0.00       1.0\n",
      "\n",
      "    accuracy                           0.00      36.0\n",
      "   macro avg       0.00      0.00      0.00      36.0\n",
      "weighted avg       0.00      0.00      0.00      36.0\n",
      "\n"
     ]
    },
    {
     "name": "stderr",
     "output_type": "stream",
     "text": [
      "c:\\Users\\brook\\OneDrive\\Desktop\\DataVisualizationProjects\\.venv\\Lib\\site-packages\\sklearn\\metrics\\_classification.py:1565: UndefinedMetricWarning: Precision is ill-defined and being set to 0.0 in labels with no predicted samples. Use `zero_division` parameter to control this behavior.\n",
      "  _warn_prf(average, modifier, f\"{metric.capitalize()} is\", len(result))\n",
      "c:\\Users\\brook\\OneDrive\\Desktop\\DataVisualizationProjects\\.venv\\Lib\\site-packages\\sklearn\\metrics\\_classification.py:1565: UndefinedMetricWarning: Recall is ill-defined and being set to 0.0 in labels with no true samples. Use `zero_division` parameter to control this behavior.\n",
      "  _warn_prf(average, modifier, f\"{metric.capitalize()} is\", len(result))\n",
      "c:\\Users\\brook\\OneDrive\\Desktop\\DataVisualizationProjects\\.venv\\Lib\\site-packages\\sklearn\\metrics\\_classification.py:1565: UndefinedMetricWarning: Precision is ill-defined and being set to 0.0 in labels with no predicted samples. Use `zero_division` parameter to control this behavior.\n",
      "  _warn_prf(average, modifier, f\"{metric.capitalize()} is\", len(result))\n",
      "c:\\Users\\brook\\OneDrive\\Desktop\\DataVisualizationProjects\\.venv\\Lib\\site-packages\\sklearn\\metrics\\_classification.py:1565: UndefinedMetricWarning: Recall is ill-defined and being set to 0.0 in labels with no true samples. Use `zero_division` parameter to control this behavior.\n",
      "  _warn_prf(average, modifier, f\"{metric.capitalize()} is\", len(result))\n",
      "c:\\Users\\brook\\OneDrive\\Desktop\\DataVisualizationProjects\\.venv\\Lib\\site-packages\\sklearn\\metrics\\_classification.py:1565: UndefinedMetricWarning: Precision is ill-defined and being set to 0.0 in labels with no predicted samples. Use `zero_division` parameter to control this behavior.\n",
      "  _warn_prf(average, modifier, f\"{metric.capitalize()} is\", len(result))\n",
      "c:\\Users\\brook\\OneDrive\\Desktop\\DataVisualizationProjects\\.venv\\Lib\\site-packages\\sklearn\\metrics\\_classification.py:1565: UndefinedMetricWarning: Recall is ill-defined and being set to 0.0 in labels with no true samples. Use `zero_division` parameter to control this behavior.\n",
      "  _warn_prf(average, modifier, f\"{metric.capitalize()} is\", len(result))\n"
     ]
    }
   ],
   "source": [
    "lr = LogisticRegression(random_state=0)\n",
    "\n",
    "X_reduced_dimension = compute_pca(X, n_components=2)\n",
    "print(\"Matrix X After number of features reduced to 2:-\\n\",X_reduced_dimension)\n",
    "\n",
    "X_train, X_test, y_train, y_test = train_test_split(X_reduced_dimension, y, test_size=0.2)\n",
    "\n",
    "lr.fit(X_train,y_train)\n",
    "\n",
    "y_pred = lr.predict(X_test)\n",
    "\n",
    "print(classification_report(y_test,y_pred)) #We are getting accuracy between 95% to 100%"
   ]
  },
  {
   "cell_type": "code",
   "execution_count": 6,
   "metadata": {},
   "outputs": [],
   "source": [
    "import numpy as np\n",
    "import pandas as pd\n",
    "from sklearn.model_selection import train_test_split\n",
    "from sklearn.metrics import classification_report, confusion_matrix\n",
    "from sklearn.preprocessing import StandardScaler\n",
    "from sklearn.linear_model import LogisticRegression\n",
    "from sklearn.decomposition import PCA"
   ]
  },
  {
   "cell_type": "code",
   "execution_count": 7,
   "metadata": {},
   "outputs": [],
   "source": [
    "dataset = pd.read_csv('Wine.csv')\n",
    "X = dataset.iloc[:, :-1].values\n",
    "y = dataset.iloc[:, -1].values"
   ]
  },
  {
   "cell_type": "code",
   "execution_count": 8,
   "metadata": {},
   "outputs": [
    {
     "name": "stdout",
     "output_type": "stream",
     "text": [
      "              precision    recall  f1-score   support\n",
      "\n",
      "         312       0.00      0.00      0.00       1.0\n",
      "         325       0.00      0.00      0.00       1.0\n",
      "         355       0.00      0.00      0.00       1.0\n",
      "         365       0.00      0.00      0.00       1.0\n",
      "         372       0.00      0.00      0.00       1.0\n",
      "         378       0.00      0.00      0.00       1.0\n",
      "         392       0.00      0.00      0.00       1.0\n",
      "         406       0.00      0.00      0.00       1.0\n",
      "         415       0.00      0.00      0.00       1.0\n",
      "         450       0.00      0.00      0.00       1.0\n",
      "         463       0.00      0.00      0.00       1.0\n",
      "         465       0.00      0.00      0.00       1.0\n",
      "         480       0.00      0.00      0.00       0.0\n",
      "         495       0.00      0.00      0.00       1.0\n",
      "         500       0.00      0.00      0.00       1.0\n",
      "         502       0.00      0.00      0.00       1.0\n",
      "         510       0.00      0.00      0.00       0.0\n",
      "         515       0.00      0.00      0.00       1.0\n",
      "         520       0.00      0.00      0.00       0.0\n",
      "         562       0.00      0.00      0.00       0.0\n",
      "         600       0.00      0.00      0.00       1.0\n",
      "         615       0.00      0.00      0.00       1.0\n",
      "         625       0.00      0.00      0.00       0.0\n",
      "         630       0.00      0.00      0.00       1.0\n",
      "         650       0.00      0.00      0.00       1.0\n",
      "         660       0.00      0.00      0.00       0.0\n",
      "         680       0.00      0.00      0.00       1.0\n",
      "         695       0.00      0.00      0.00       1.0\n",
      "         750       0.00      0.00      0.00       1.0\n",
      "         780       0.00      0.00      0.00       1.0\n",
      "         885       0.00      0.00      0.00       1.0\n",
      "         985       0.00      0.00      0.00       1.0\n",
      "        1015       0.00      0.00      0.00       1.0\n",
      "        1035       0.00      0.00      0.00       0.0\n",
      "        1045       0.00      0.00      0.00       1.0\n",
      "        1065       0.00      0.00      0.00       1.0\n",
      "        1120       0.00      0.00      0.00       1.0\n",
      "        1150       0.00      0.00      0.00       0.0\n",
      "        1190       0.00      0.00      0.00       1.0\n",
      "        1195       0.00      0.00      0.00       1.0\n",
      "        1285       0.00      0.00      0.00       0.0\n",
      "        1295       0.00      0.00      0.00       1.0\n",
      "        1310       0.00      0.00      0.00       1.0\n",
      "        1375       0.00      0.00      0.00       1.0\n",
      "        1510       0.00      0.00      0.00       1.0\n",
      "\n",
      "    accuracy                           0.00      36.0\n",
      "   macro avg       0.00      0.00      0.00      36.0\n",
      "weighted avg       0.00      0.00      0.00      36.0\n",
      "\n"
     ]
    },
    {
     "name": "stderr",
     "output_type": "stream",
     "text": [
      "c:\\Users\\brook\\OneDrive\\Desktop\\DataVisualizationProjects\\.venv\\Lib\\site-packages\\sklearn\\metrics\\_classification.py:1565: UndefinedMetricWarning: Precision is ill-defined and being set to 0.0 in labels with no predicted samples. Use `zero_division` parameter to control this behavior.\n",
      "  _warn_prf(average, modifier, f\"{metric.capitalize()} is\", len(result))\n",
      "c:\\Users\\brook\\OneDrive\\Desktop\\DataVisualizationProjects\\.venv\\Lib\\site-packages\\sklearn\\metrics\\_classification.py:1565: UndefinedMetricWarning: Recall is ill-defined and being set to 0.0 in labels with no true samples. Use `zero_division` parameter to control this behavior.\n",
      "  _warn_prf(average, modifier, f\"{metric.capitalize()} is\", len(result))\n",
      "c:\\Users\\brook\\OneDrive\\Desktop\\DataVisualizationProjects\\.venv\\Lib\\site-packages\\sklearn\\metrics\\_classification.py:1565: UndefinedMetricWarning: Precision is ill-defined and being set to 0.0 in labels with no predicted samples. Use `zero_division` parameter to control this behavior.\n",
      "  _warn_prf(average, modifier, f\"{metric.capitalize()} is\", len(result))\n",
      "c:\\Users\\brook\\OneDrive\\Desktop\\DataVisualizationProjects\\.venv\\Lib\\site-packages\\sklearn\\metrics\\_classification.py:1565: UndefinedMetricWarning: Recall is ill-defined and being set to 0.0 in labels with no true samples. Use `zero_division` parameter to control this behavior.\n",
      "  _warn_prf(average, modifier, f\"{metric.capitalize()} is\", len(result))\n",
      "c:\\Users\\brook\\OneDrive\\Desktop\\DataVisualizationProjects\\.venv\\Lib\\site-packages\\sklearn\\metrics\\_classification.py:1565: UndefinedMetricWarning: Precision is ill-defined and being set to 0.0 in labels with no predicted samples. Use `zero_division` parameter to control this behavior.\n",
      "  _warn_prf(average, modifier, f\"{metric.capitalize()} is\", len(result))\n",
      "c:\\Users\\brook\\OneDrive\\Desktop\\DataVisualizationProjects\\.venv\\Lib\\site-packages\\sklearn\\metrics\\_classification.py:1565: UndefinedMetricWarning: Recall is ill-defined and being set to 0.0 in labels with no true samples. Use `zero_division` parameter to control this behavior.\n",
      "  _warn_prf(average, modifier, f\"{metric.capitalize()} is\", len(result))\n"
     ]
    }
   ],
   "source": [
    "lr = LogisticRegression(random_state=0)\n",
    "\n",
    "pca = PCA(n_components=2)\n",
    "\n",
    "X_demeaned = StandardScaler(with_std=True).fit_transform(X)\n",
    "X_reduced_dimension = pca.fit_transform(X_demeaned)\n",
    "\n",
    "X_train, X_test, y_train, y_test = train_test_split(X_reduced_dimension, y, test_size=0.2)\n",
    "\n",
    "lr.fit(X_train,y_train)\n",
    "\n",
    "y_pred = lr.predict(X_test)\n",
    "\n",
    "print(classification_report(y_test,y_pred)) #We are getting accuracy between 95% to 100%"
   ]
  },
  {
   "cell_type": "code",
   "execution_count": 9,
   "metadata": {},
   "outputs": [
    {
     "data": {
      "text/plain": [
       "array([[0, 0, 0, ..., 0, 0, 0],\n",
       "       [0, 0, 0, ..., 0, 0, 0],\n",
       "       [0, 0, 0, ..., 0, 0, 0],\n",
       "       ...,\n",
       "       [0, 0, 0, ..., 0, 0, 0],\n",
       "       [0, 0, 0, ..., 0, 0, 0],\n",
       "       [0, 0, 0, ..., 0, 0, 0]], shape=(45, 45))"
      ]
     },
     "execution_count": 9,
     "metadata": {},
     "output_type": "execute_result"
    }
   ],
   "source": [
    "confusion_matrix(y_test,y_pred)"
   ]
  },
  {
   "cell_type": "code",
   "execution_count": 10,
   "metadata": {},
   "outputs": [
    {
     "name": "stdout",
     "output_type": "stream",
     "text": [
      "[[ 0.30315254  0.26940508]\n",
      " [ 0.24254257 -0.56873279]\n",
      " [-0.84884764  0.02992263]\n",
      " [ 0.30315254  0.26940508]]\n"
     ]
    }
   ],
   "source": [
    "from sklearn.feature_extraction.text import TfidfVectorizer\n",
    "from sklearn.decomposition import PCA\n",
    "import numpy as np\n",
    "\n",
    "# Sample text data\n",
    "corpus = [\n",
    "    \"This is the first document.\",\n",
    "    \"This document is the second document.\",\n",
    "    \"And this is the third one.\",\n",
    "    \"Is this the first document?\"\n",
    "]\n",
    "\n",
    "# Create TF-IDF vectors\n",
    "vectorizer = TfidfVectorizer()\n",
    "X = vectorizer.fit_transform(corpus)\n",
    "\n",
    "# Apply PCA\n",
    "pca = PCA(n_components=2)\n",
    "principal_components = pca.fit_transform(X.toarray())\n",
    "\n",
    "# Print the reduced data\n",
    "print(principal_components)"
   ]
  },
  {
   "cell_type": "code",
   "execution_count": 11,
   "metadata": {},
   "outputs": [
    {
     "data": {
